<html>
  <head>
    <script>
      // Data extracted from SNCF APIs by asking travel from one zip code to the other (and vice-versa) for a Saturday (in two days from the query) at 6, 12 and 18.
      // We only kept the minimal time for each trip. Times are expressed in seconds. It may not include local transportations.
      // Extracted the 5th of January 2022
      const csvContent = `;Bourg-en-Bresse;Laon;Moulins;Digne-les-Bains;Gap;Nice;Privas;Charleville-Mézières;Foix;Troyes;Carcassonne;Rodez;Marseille;Caen;Aurillac;Angoulême;La Rochelle;Bourges;Tulle;Dijon;Saint-Brieuc;Guéret;Périgueux;Besançon;Valence;Évreux;Chartres;Quimper;Nîmes;Toulouse;Auch;Bordeaux;Montpellier;Rennes;Châteauroux;Tours;Grenoble;Lons-le-Saunier;Mont-de-Marsan;Blois;Saint-Étienne;Le Puy-en-Velay;Nantes;Orléans;Cahors;Agen;Mende;Angers;Saint-Lô;Châlons-en-Champagne;Chaumont;Laval;Nancy;Bar-le-Duc;Vannes;Metz;Nevers;Lille;Beauvais;Alençon;Arras;Clermont-Ferrand;Pau;Tarbes;Perpignan;Strasbourg;Colmar;Lyon;Vesoul;Mâcon;Le Mans;Chambéry;Annecy;Paris;Rouen;Melun;Versailles;Niort;Amiens;Albi;Montauban;Toulon;Avignon;La Roche-sur-Yon;Poitiers;Limoges;Épinal;Auxerre;Belfort;Évry-Courcouronnes;Nanterre;Bobigny;Créteil;Cergy
      Bourg-en-Bresse;0;16080;10800;17220;18630;18900;11250;19980;26280;19080;16920;32940;9660;17220;24330;16800;23880;17610;32100;5940;19440;20820;28860;6600;7470;13290;15180;25440;9900;19620;25590;19200;9420;16680;21060;14040;10200;2400;26580;15180;6720;12960;19620;15900;27450;23340;22950;17040;22140;18840;19020;15180;18120;19380;20730;18720;14970;12900;12360;18900;12120;11820;27750;30480;18750;16800;14700;2820;15840;3420;13020;6780;8580;6660;13920;10200;9500;20880;12480;25110;21960;14100;7290;24180;17280;25320;21900;14160;11100;9180;7920;19800;7580;9700;
      Laon;16080;0;23220;29760;30660;30360;23670;6720;33390;11100;28830;40080;20460;16140;34230;17640;21720;18840;32040;15360;21840;30870;24900;18060;18600;13020;13560;29400;19860;29130;36810;18900;20580;18480;20880;15180;19920;19620;29190;19560;19200;24750;19320;16890;31380;24480;31830;16890;19890;5250;11640;18630;11280;9600;23790;11520;21060;10800;13560;16740;8520;28200;25230;28440;26880;10560;13740;15780;21900;17220;14460;20670;22530;6780;11880;9540;10640;19050;4920;36180;27270;23880;19140;23310;15120;24300;14580;18900;20460;10400;8000;13260;8220;10840;
      Moulins;10800;23220;0;23280;22380;25680;17580;27180;34020;25080;20430;28080;16470;21240;12450;15840;19350;4470;19710;10800;25860;16800;18360;15960;12030;20820;21450;26520;15480;23100;29100;21030;16080;21300;9030;11100;15930;13320;27030;11100;10830;12150;15450;10140;21720;27180;20970;12870;29940;25980;21990;18480;24900;28260;22830;24900;1590;20400;20010;17370;21240;3690;29700;32940;24030;21060;18990;7590;22920;10980;16770;14430;17400;8730;22080;13350;14560;16740;20130;28440;24270;19080;14310;21870;13260;13710;28920;17190;18420;16280;18475;25080;16500;20720;
      Digne-les-Bains;17220;29760;23280;0;6600;19800;18900;31200;32190;32340;23880;42120;8880;28860;38040;32040;34080;28080;42480;20700;31740;31800;36600;23940;14580;26670;28500;39600;14640;27000;34020;30840;16080;28740;31800;28260;17400;21840;40980;29940;18000;24060;32700;31260;31920;31530;27990;30720;33600;30900;32580;28890;29040;28560;32790;30000;25080;24210;26400;31800;25230;22800;38520;36360;22560;29640;27870;13560;30540;16140;25440;20340;22740;20940;29310;23550;24110;32940;27720;33360;29070;13200;9600;38100;29460;36360;34320;27900;27720;22380;21780;31320;21560;22140;
      Gap;18630;30660;22380;6600;0;21090;15300;34080;30600;32040;21540;35760;10680;28740;43050;29700;37080;26970;42390;19800;34740;37560;40200;26760;8910;24840;27870;40920;14520;24240;30210;33930;13740;29910;31710;28260;7620;23070;41730;28500;18630;24000;31800;28680;35760;29970;28830;28980;34470;26520;29610;27150;32340;28800;35790;29940;24150;23940;25620;30900;24540;23340;39000;38790;23190;29040;25650;13680;29610;17580;26460;13920;17220;18480;27240;21720;21740;30600;25980;31020;27720;14670;12600;36960;27120;38520;35760;29760;25380;21600;19970;32220;19410;21530;
      Nice;18900;30360;25680;19800;21090;0;19740;33780;30480;33000;21420;35700;8940;32190;39450;30690;37380;30480;42240;22200;33360;36960;39180;25620;15660;27090;29610;38580;14580;24420;32100;32460;16260;30240;32700;27960;19650;21420;38580;32280;20280;26190;31770;29580;33090;27960;27390;29340;36120;28980;30180;28980;31320;31260;34260;32430;27480;26760;26520;30600;27660;24990;35130;36810;23040;31980;30270;15480;34680;18540;26850;22290;25140;20430;28440;24090;23610;34560;26400;31020;26280;6120;11310;35940;31080;37500;35520;30300;29340;23100;21660;30270;21440;23990;
      Privas;11250;23670;17580;18900;15300;19740;0;25830;27330;26130;15600;32220;9780;24360;29610;26220;29190;21960;32760;14280;28680;30600;33780;17640;3360;21900;21840;34860;7980;18300;24270;27900;9540;25800;26730;20940;8100;13590;36000;24270;12360;17910;26940;23340;26130;22920;21660;24420;27540;22260;23640;24630;26400;24540;30540;25920;19350;19620;20880;27300;20190;17760;32940;29160;15900;23040;20940;7860;25140;12240;22440;11040;14430;13620;20490;15720;16800;26550;20700;24720;23970;13050;7530;32640;23820;31290;27180;25380;19560;16580;15070;21720;14900;17020;
      Charleville-Mézières;19980;6720;27180;31200;34080;33780;25830;0;37500;10380;32160;43500;22860;19410;41010;17430;20310;22440;36780;18990;24270;34860;26430;22350;20460;17130;16410;29820;21480;28650;40980;19890;23280;18780;22410;15600;21930;26580;27210;18300;21060;27810;19200;17430;35910;24630;36600;16740;23790;5700;11490;19290;8730;9450;25320;7740;24780;8400;16980;17850;10980;30330;31770;35010;32700;10890;13560;16050;17190;20670;14100;22800;27090;6150;15870;13050;13230;17790;12420;37320;26910;26760;20580;23190;14790;23850;11580;20790;20070;12980;10440;22110;10800;12020;
      Foix;26280;33390;34020;32190;30600;30480;27330;37500;0;36330;8190;12390;19770;34500;19890;15360;22590;26580;16560;27390;29850;25500;20790;31830;22620;31080;25320;36030;15270;3750;10140;12570;13590;26700;21330;20490;26670;32160;18690;24030;27450;34710;30840;26070;10020;8790;29850;28200;39510;36150;39450;27090;38370;38430;30990;36030;30540;28770;29550;30570;27300;35040;15510;14820;13650;36630;34890;24150;39900;25380;25080;29070;32610;20820;31380;27850;22470;23820;29790;8580;6360;24060;19410;26610;16860;17220;41760;36390;32970;25920;24810;37080;25170;25180;
      Troyes;19080;11100;25080;32340;32040;33000;26130;10380;36330;0;29910;42660;23220;18660;38460;20670;23640;22140;34320;7830;23340;34110;25380;12720;21360;15240;16020;29310;22680;31410;40050;23070;24420;18060;21540;17160;23100;20490;30450;21180;19800;25800;22200;19560;32160;27240;34770;19800;21990;4620;2970;19050;12960;9180;24390;11700;22440;14220;16200;20580;13920;27780;27510;30720;30660;12900;13560;16320;7140;13380;16860;22020;25800;5160;14970;13980;12890;21000;16380;38850;29610;26640;21180;25920;18270;25560;12000;8400;9240;13160;11220;16380;11480;13480;
      Carcassonne;16920;28830;20430;23880;21540;21420;15600;32160;8190;29910;0;11760;10920;29490;17910;14280;20370;25230;15630;22170;31260;22800;18840;22650;11730;25560;23670;36300;6660;2520;8490;10560;5040;28140;22410;19500;14370;19740;16740;21960;16950;24480;26940;24360;9000;6570;21240;24360;34560;27540;26790;26340;32850;29820;31920;32430;22230;24120;27900;29880;25650;23460;13560;12720;4800;27750;25800;12060;31170;19260;24990;17400;20370;18960;27150;22470;20820;22320;25830;7380;4350;15060;9780;24390;14850;17970;36270;31230;24360;22610;21090;26670;21150;23270;
      Rodez;32940;40080;28080;42120;35760;35700;32220;43500;12390;42660;11760;0;23640;39480;12360;21600;27690;23340;12780;35460;35400;21450;21210;39960;24660;36810;31650;43620;19140;7800;15960;17940;17520;32160;17280;25620;35820;35760;24210;23970;34620;40200;31440;24420;13950;14010;36420;28860;47280;43740;44820;33540;44100;47340;36450;42240;25680;35070;36000;35160;33660;30990;20940;20040;18900;42660;44490;24960;47460;36150;31560;36480;36240;25020;37620;30580;27660;30870;36120;4320;11280;28740;25320;31710;26160;13200;47940;43230;42840;27870;30540;32880;28380;32120;
      Marseille;9660;20460;16470;8880;10680;8940;9780;22860;19770;23220;10920;23640;0;21270;28410;22860;26460;21630;29940;12120;24000;27000;28260;16260;5280;17940;19920;29040;4320;13680;22860;21900;5940;20700;24240;20550;8700;12180;28080;21600;9420;15360;22440;19800;22770;18000;17220;20040;25620;19200;20220;19500;22560;21480;24720;22080;19050;16530;18840;23280;18900;15240;24960;24300;12540;19920;18780;5940;22200;8580;17100;12180;13800;11940;20400;14910;15080;24780;19470;18720;15750;3210;2040;28620;21300;28440;25980;22020;16200;14840;13260;19380;13160;14870;
      Caen;17220;16140;21240;28860;28740;32190;24360;19410;34500;18660;29490;39480;21270;0;35670;16410;20160;16500;34320;16320;14700;28920;24810;19320;19380;3780;12840;22560;21000;27180;38160;18720;21720;11040;20460;10230;22500;21600;25740;12360;20580;26340;11100;14820;32970;23160;33630;8760;2580;18180;22020;9300;19260;20460;18840;18720;18840;13560;14400;4140;13290;26400;27630;30840;28200;18780;21360;17640;26370;15570;6780;20130;23760;7140;5700;11580;10410;17670;11040;34500;25440;25920;19050;15600;13860;21540;21000;18900;22380;11460;8625;16020;9270;10580;
      Aurillac;24330;34230;12450;38040;43050;39450;29610;41010;19890;38460;17910;12360;28410;35670;0;22380;33030;19050;9270;24990;38820;19500;12360;29550;25830;34260;30960;42660;24390;14280;26730;17160;23100;35580;16500;25530;28680;26850;28590;23220;16320;11160;32550;20940;11310;18240;24510;29910;39720;37980;36420;34620;39330;40260;39870;39330;14340;33360;33510;31800;36630;8160;26400;24360;23220;36210;31500;21600;37350;27210;29670;27870;30930;21480;34080;28980;26960;32850;32700;14040;13830;33090;26550;38130;28560;12360;43350;30690;32670;26760;28860;29880;26930;31020;
      Angoulême;16800;17640;15840;32040;29700;30690;26220;17430;15360;20670;14280;21600;22860;16410;22380;0;8940;11250;15300;18120;17760;20430;7500;23100;20340;17880;12660;22380;21300;10080;18900;2100;19590;14400;14220;5040;22260;22860;9240;7680;18720;27900;11490;9870;11340;6300;35850;8820;23100;16080;23880;12030;15930;16260;18240;17640;13590;14640;17220;12210;15690;21510;11490;13980;19500;17640;20790;17400;24780;17040;9990;20340;24540;6900;16920;13080;9870;7320;14310;16620;8610;24330;20640;13380;2340;10320;18780;20670;20640;11490;10885;21960;11180;12890;
      La Rochelle;23880;21720;19350;34080;37080;37380;29190;20310;22590;23640;20370;27690;26460;20160;33030;8940;0;16200;25140;21090;18150;23310;14790;26070;25410;22080;16620;17190;27300;17490;29070;8550;25710;14670;13890;7800;27330;30240;15960;10470;25260;30810;6270;12750;24120;14580;42180;13320;27210;19380;26850;16860;18810;19140;13830;20520;18780;18060;19860;15960;18570;27570;17040;19770;26430;20520;23670;21120;28260;19980;13740;24540;27930;10320;21870;15900;12210;2370;20340;23070;15900;31440;24000;3780;5220;12780;21660;23880;27210;15120;14220;21450;14780;16100;
      Bourges;17610;18840;4470;28080;26970;30480;21960;22440;26580;22140;25230;23340;21630;16500;19050;11250;16200;0;16620;10830;22500;10740;15660;14700;17220;16680;10080;21810;20250;20760;29850;15000;21870;18540;4110;6240;21300;22470;22440;6180;16830;16230;10860;3360;16440;20340;27330;8280;24330;21660;23190;13680;22110;22440;18210;22560;2190;17040;15420;12630;17070;8970;23550;26820;29760;22440;20700;12270;24120;14670;10500;19560;22080;6840;18210;12220;9200;12150;16380;27240;18960;23880;19320;16980;8670;8220;24960;19560;18780;9900;12180;20490;10070;14360;
      Tulle;32100;32040;19710;42480;42390;42240;32760;36780;16560;34320;15630;12780;29940;34320;9270;15300;25140;16620;0;30960;29160;14310;4830;36660;34560;30390;24390;35340;25230;11160;20250;10230;22200;26280;9690;18900;31530;36900;17880;17250;34080;26910;27420;17700;7140;15660;44070;24900;38550;35520;37320;25800;36000;37800;31020;33960;18960;28800;29460;32880;27210;23730;21900;22980;19860;36000;35550;29880;38220;30060;23790;34560;36960;17640;31290;24160;20390;22290;30240;18210;9480;35820;25860;25320;17820;6480;39330;36720;34080;19830;22290;25380;20360;24450;
      Dijon;5940;15360;10800;20700;19800;22200;14280;18990;27390;7830;22170;35460;12120;16320;24990;18120;21090;10830;30960;0;18960;22620;24420;2760;8880;12690;15480;26880;10680;24840;31410;18420;12540;15180;14850;16140;12480;8040;25830;17520;10740;16620;17280;16800;30150;23100;26940;14850;19440;10950;4710;14910;9360;11160;20010;10680;8220;11880;11580;15840;13860;16020;26310;29580;20160;8160;6060;7260;6300;4320;12210;11640;13620;5880;12900;7950;8790;18450;11310;30180;23250;15600;9750;20370;16380;20460;12870;6450;6840;8660;7020;18330;6750;8960;
      Saint-Brieuc;19440;21840;25860;31740;34740;33360;28680;24270;29850;23340;31260;35400;24000;14700;38820;17760;18150;22500;29160;18960;0;27510;25020;23580;23700;17580;13320;8880;24720;24540;33000;16380;25860;2910;21900;13440;23520;26100;23310;18030;21360;27600;9480;17310;27840;20460;39030;9180;12780;23130;26460;4530;23940;25020;7320;23460;24660;17160;17100;10380;17970;26340;27690;30420;32760;23460;26040;17100;30600;19680;6060;23460;26580;8040;19020;14460;9300;17850;16980;29340;22800;26880;21660;13740;14850;25770;28920;26760;26040;12960;12480;25680;12620;14060;
      Guéret;20820;30870;16800;31800;37560;36960;30600;34860;25500;34110;22800;21450;27000;28920;19500;20430;23310;10740;14310;22620;27510;0;8130;26640;28350;28440;21420;34530;33300;18510;28770;13590;30270;24030;6480;17250;25740;33300;19770;15600;24900;26640;23070;15600;12690;18870;42420;20490;37290;33630;37230;28470;32190;35910;30450;33870;14040;26700;27630;25050;25290;14490;23070;26190;29130;31470;36000;20400;36360;26460;22920;30180;33960;16650;28620;22210;19290;20790;27750;26040;16350;30360;24780;27540;13050;3960;39120;34620;34080;19910;22170;28440;20130;23750;
      Périgueux;28860;24900;18360;36600;40200;39180;33780;26430;20790;25380;18840;21210;28260;24810;12360;7500;14790;15660;4830;24420;25020;8130;0;28140;27660;26700;17880;30480;24960;15930;25980;4440;23280;21000;9270;18180;28020;31980;11400;17310;30060;39660;21480;14610;10470;8580;40890;19680;31740;25080;28500;19290;26100;27030;26370;25620;20580;20580;22380;21240;20130;21900;15240;18420;23040;25620;28200;24660;32640;28800;17280;28200;30060;13320;23760;18450;14700;16650;19920;20940;13770;32160;25980;18810;9180;4260;31380;29580;29100;16950;16440;25080;16700;18620;
      Besançon;6600;18060;15960;23940;26760;25620;17640;22350;31830;12720;22650;39960;16260;19320;29550;23100;26070;14700;36660;2760;23580;26640;28140;0;13020;17880;19200;30600;14820;25380;32610;22140;16140;18900;18870;19140;16620;4080;29550;21840;12420;19620;21000;19800;34470;26820;31140;18570;24420;18540;10950;18840;13200;16740;24630;10500;12300;14880;15300;19560;16860;19200;30030;33300;25290;7980;5880;9540;7830;9510;15930;15780;18060;9360;15900;13080;12340;23430;14310;34620;28980;19560;13890;24090;21300;24480;10920;9870;4230;12020;10642;22620;10340;12680;
      Valence;7470;18600;12030;14580;8910;15660;3360;20460;22620;21360;11730;24660;5280;19380;25830;20340;25410;17220;34560;8880;23700;28350;27660;13020;0;15480;18360;29970;3600;14460;20460;24420;6300;21240;22950;16260;4200;9810;30990;19140;7860;13920;22020;21300;26790;20490;16890;19980;23760;17340;19860;19500;21000;19620;24750;20520;15810;14220;14760;22140;16290;16140;27420;26520;12660;17640;15540;3960;20490;8160;17100;6840;10710;9420;17070;12600;12260;21240;15600;19800;18240;8760;3300;27480;17760;27510;23400;20400;14670;12540;10620;18240;10350;12200;
      Évreux;13290;13020;20820;26670;24840;27090;21900;17130;31080;15240;25560;36810;17940;3780;34260;17880;22080;16680;30390;12690;17580;28440;26700;17880;15480;0;12540;23460;17100;25470;34230;18000;18900;15360;17340;12120;17250;17250;24030;16680;17520;24630;17370;13800;29160;21450;28950;14790;8820;15480;19590;13710;15480;19020;18630;14820;18720;10020;10500;11280;11730;27150;25170;28410;23520;17040;18540;14340;21210;12180;11760;16740;19860;3960;3300;8310;6530;18780;9450;30570;23730;20730;15600;19920;15300;21360;16890;17940;17070;8060;5520;14340;6000;6780;
      Chartres;15180;13560;21450;28500;27870;29610;21840;16410;25320;16020;23670;31650;19920;12840;30960;12660;16620;10080;24390;15480;13320;21420;17880;19200;18360;12540;0;17190;20220;20370;28950;12060;22680;8400;14610;9120;20280;19380;18930;8490;18240;24120;9150;4860;23730;16350;35490;6540;16710;15960;22110;6690;16080;16260;12870;15600;17910;11580;12540;8520;11130;23100;19950;23220;25800;15600;18180;13860;23280;15300;4260;18360;23460;3660;9000;10160;2820;12960;10260;25380;18630;23250;18000;13860;9720;18780;18780;17250;19560;6530;5425;16200;6750;8980;
      Quimper;25440;29400;26520;39600;40920;38580;34860;29820;36030;29310;36300;43620;29040;22560;42660;22380;17190;21810;35340;26880;8880;34530;30480;30600;29970;23460;17190;0;34860;29160;39180;20880;32340;7440;26370;17520;30900;32100;27720;20880;27360;36570;7920;23280;34110;25140;44250;12210;20280;27540;32520;9390;30360;29820;3780;29160;24180;24000;21600;15300;25770;31290;33330;36420;37800;30480;30750;22200;33420;30240;11370;28980;33180;14070;26220;22980;16170;19980;23340;35520;27420;31920;26700;13320;19470;30180;34920;29790;29280;21060;19885;27930;20460;22460;
      Nîmes;9900;19860;15480;14640;14520;14580;7980;21480;15270;22680;6660;19140;4320;21000;24390;21300;27300;20250;25230;10680;24720;33300;24960;14820;3600;17100;20220;34860;0;9420;16800;17520;1440;21720;26730;19260;7440;12720;23940;20760;9600;17460;22980;23880;17670;13620;11550;20580;24240;19740;19560;20040;22440;22020;25770;22320;17610;16020;17880;27420;16170;17790;20490;19740;7860;19440;17340;4860;21000;7920;17640;10380;13200;10740;19500;13980;14180;22860;18720;14970;11430;9420;1740;31410;19380;25920;25740;21480;16560;13940;12000;19920;11760;14030;
      Toulouse;19620;29130;23100;27000;24240;24420;18300;28650;3750;31410;2520;7800;13680;27180;14280;10080;17490;20760;11160;24840;24540;18510;15930;25380;14460;25470;20370;29160;9420;0;4530;7680;7740;21060;16260;16620;17070;22440;13800;18810;20580;27180;24120;21090;4200;3990;23880;22080;30360;27720;29520;22110;27150;27480;25020;28860;23760;26400;24660;23700;22500;26100;9900;7770;7410;28860;28530;14700;35520;21630;20100;20100;23040;15360;24840;22560;16670;18360;28440;3960;1590;18000;12480;21510;13320;12300;30000;32160;27000;22440;19225;28680;21150;21000;
      Auch;25590;36810;29100;34020;30210;32100;24270;40980;10140;40050;8490;15960;22860;38160;26730;18900;29070;29850;20250;31410;33000;28770;25980;32610;20460;34230;28950;39180;16800;4530;0;16500;13920;29970;24810;25470;23040;28410;25350;27570;26580;33150;34110;29790;13290;12150;33270;31470;43230;39570;42930;31050;41520;41850;34260;39960;30900;34950;33180;33990;36930;31920;17400;13800;17160;40050;38310;20520;44220;28560;29370;26070;28470;24210;35430;31140;25520;27210;34290;10230;9150;25740;19500;33450;22290;20700;46080;40770;36390;31050;28075;40560;28800;29610;
      Bordeaux;19200;18900;21030;30840;33930;32460;27900;19890;12570;23070;10560;17940;21900;18720;17160;2100;8550;15000;10230;18420;16380;13590;4440;22140;24420;18000;12060;20880;17520;7680;16500;0;15840;13140;13440;7740;22020;25860;5460;10020;21120;30390;14640;12240;11070;3780;31980;11880;22080;18420;26280;14220;18390;18720;16740;19620;17580;14580;16380;14520;14130;25740;7470;10380;15660;19620;22200;18660;26940;19560;12300;22200;26940;7440;16560;12450;9180;9660;13920;12720;6030;26040;20520;12570;3750;8220;21240;23580;23040;10950;10440;20700;10700;12620;
      Montpellier;9420;20580;16080;16080;13740;16260;9540;23280;13590;24420;5040;17520;5940;21720;23100;19590;25710;21870;22200;12540;25860;30270;23280;16140;6300;18900;22680;32340;1440;7740;13920;15840;0;22080;24510;18480;8910;11940;22260;22050;10800;16680;23220;22500;15570;11940;14880;20880;25320;21480;21450;20370;24240;22440;27570;23880;18240;17880;19560;23460;17850;19200;18810;18030;5940;20640;19200;6720;22380;8940;18360;11400;15420;11640;18270;13800;15980;24330;18480;13260;9750;12420;4350;28800;21180;24210;24960;22890;18360;14660;13020;19800;12490;14600;
      Rennes;16680;18480;21300;28740;29910;30240;25800;18780;26700;18060;28140;32160;20700;11040;35580;14400;14670;18540;26280;15180;2910;24030;21000;18900;21240;15360;8400;7440;21720;21060;29970;13140;22080;0;18540;10380;21600;22800;19980;13440;18060;24510;4560;13140;24600;17220;33990;5640;8730;15840;23700;1530;16620;16140;3360;17580;21120;12420;14040;6780;14940;23340;23130;26340;27840;17220;20490;13860;25440;16680;3420;17820;23280;5160;15960;11700;6420;14400;13920;26460;19560;23580;18360;7140;11400;18480;21900;17880;21600;10050;9505;20070;9860;11510;
      Châteauroux;21060;20880;9030;31800;31710;32700;26730;22410;21330;21540;22410;17280;24240;20460;16500;14220;13890;4110;9690;14850;21900;6480;9270;18870;22950;17340;14610;26370;26730;16260;24810;13440;24510;18540;0;7860;24000;24300;22710;6600;21840;24480;12420;4860;12180;16710;31770;14760;25260;21060;24390;20040;22050;22380;22380;21030;7260;16440;16980;16590;16110;12990;25800;27930;28230;21600;22620;18720;25290;18690;13740;23010;28050;7170;17160;12680;10140;11250;15780;21240;14280;26310;21960;18840;8100;3900;24900;22260;21150;9510;12120;15420;10190;14280;
      Tours;14040;15180;11100;28260;28260;27960;20940;15600;20490;17160;19500;25620;20550;10230;25530;5040;7800;6240;18900;16140;13440;17250;18180;19140;16260;12120;9120;17520;19260;16620;25470;7740;18480;10380;7860;0;19080;17370;16020;2400;16080;22500;5850;4920;20760;12840;33480;3180;18930;12480;20100;8730;16560;12240;13830;16140;8700;10860;11040;6360;11670;15180;16560;19500;24720;15720;19020;11880;27420;13260;3600;18780;21300;4380;13500;9000;5760;5940;12120;21840;15720;21540;18330;10380;2460;10560;14760;18780;20460;7530;7320;17940;7680;9760;
      Grenoble;10200;19920;15930;17400;7620;19650;8100;21930;26670;23100;14370;35820;8700;22500;28680;22260;27330;21300;31530;12480;23520;25740;28020;16620;4200;17250;20280;30900;7440;17070;23040;22020;8910;21600;24000;19080;0;12660;32040;22410;8340;14310;23340;19740;24900;21690;19890;20910;25380;18360;20340;20490;22890;20640;24570;23130;18270;16980;16320;24240;16530;16710;30540;27930;15690;21210;18990;4920;21270;7320;18480;2820;5520;10980;18630;14160;13820;24690;18840;24060;23820;12930;6870;29640;21240;27480;25320;21420;15600;14120;12180;19110;11940;13760;
      Lons-le-Saunier;2400;19620;13320;21840;23070;21420;13590;26580;32160;20490;19740;35760;12180;21600;26850;22860;30240;22470;36900;8040;26100;33300;31980;4080;9810;17250;19380;32100;12720;22440;28410;25860;11940;22800;24300;17370;12660;0;33240;18120;8220;15570;24540;19440;30270;27060;26940;22110;29340;25800;17400;20550;22290;21900;27780;21150;19680;17160;15930;23400;16710;15000;37080;33300;21300;18030;12930;5340;13290;7050;19680;11700;14760;9660;17850;13260;13020;27750;15810;31440;24780;15060;9810;28740;23940;28320;21660;16020;8580;12510;10980;25170;10640;12860;
      Mont-de-Marsan;26580;29190;27030;40980;41730;38580;36000;27210;18690;30450;16740;24210;28080;25740;28590;9240;15960;22440;17880;25830;23310;19770;11400;29550;30990;24030;18930;27720;23940;13800;25350;5460;22260;19980;22710;16020;32040;33240;0;17370;28500;37710;22890;19650;18120;10260;38430;20640;28920;26280;33660;21810;25710;26040;23580;27420;24720;24960;26760;25590;25470;31740;7080;15990;22020;27420;30570;27990;34560;26880;20970;30120;34320;14430;23400;21690;16080;17190;27210;18840;12180;32160;27960;20400;10470;15540;28560;30780;30420;21330;19020;27660;20280;20600;
      Blois;15180;19560;11100;29940;28500;32280;24270;18300;24030;21180;21960;23970;21600;12360;23220;7680;10470;6180;17250;17520;18030;15600;17310;21840;19140;16680;8490;20880;20760;18810;27570;10020;22050;13440;6600;2400;22410;18120;17370;0;21480;26670;8220;2220;18900;14790;34350;5580;21060;17190;24780;10860;16890;17220;16830;18600;8760;13230;15390;8490;16650;16320;19320;21600;27180;18540;21720;18000;24120;15840;7020;20400;23520;5160;15660;8010;7310;7950;15270;24960;17070;26100;19260;12960;5730;10680;19740;21900;21960;6210;8215;15630;5960;11180;
      Saint-Étienne;6720;19200;10830;18000;18630;20280;12360;21060;27450;19800;16950;34620;9420;20580;16320;18720;25260;16830;34080;10740;21360;24900;30060;12420;7860;17520;18240;27360;9600;20580;26580;21120;10800;18060;21840;16080;8340;8220;28500;21480;0;4740;19800;20610;29130;25620;23760;17370;23640;17100;16710;16890;20760;19380;22590;21120;12540;14820;18180;20640;16200;6300;32520;32160;19080;18240;16140;2340;17640;6300;14940;8520;10020;10320;17160;12420;12900;22650;15570;25920;23640;13800;7200;26100;19260;25860;23280;18150;16680;13280;11520;21720;11280;13020;
      Le Puy-en-Velay;12960;24750;12150;24060;24000;26190;17910;27810;34710;25800;24480;40200;15360;26340;11160;27900;30810;16230;26910;16620;27600;26640;39660;19620;13920;24630;24120;36570;17460;27180;33150;30390;16680;24510;24480;22500;14310;15570;37710;26670;4740;0;28920;21840;35010;31800;15990;26400;29520;26760;22710;22800;26310;26640;28650;28020;13860;23340;23760;26550;26070;7590;34710;38040;25080;25260;23850;8640;23640;12120;20790;14580;16080;16740;22830;18300;18780;28530;24480;30540;29520;19740;13140;32880;25320;30420;29160;23880;21540;19160;17220;31380;16980;19100;
      Nantes;19620;19320;15450;32700;31800;31770;26940;19200;30840;22200;26940;31440;22440;11100;32550;11490;6270;10860;27420;17280;9480;23070;21480;21000;22020;17370;9150;7920;22980;24120;34110;14640;23220;4560;12420;5850;23340;24540;22890;8220;19800;28920;0;11250;26580;20160;36240;2220;17460;17940;24600;5640;18960;20220;4320;18480;13140;14520;15480;6900;15870;22110;23370;26340;31800;18480;21060;17340;25860;19140;4680;19800;25620;7560;18000;13260;9960;12390;16410;31500;22410;25410;22560;2400;8910;17460;24240;24240;23460;11790;11580;19020;11940;14060;
      Orléans;15900;16890;10140;31260;28680;29580;23340;17430;26070;19560;24360;24420;19800;14820;20940;9870;12750;3360;17700;16800;17310;15600;14610;19800;21300;13800;4860;23280;23880;21090;29790;12240;22500;13140;4860;4920;19740;19440;19650;2220;20610;21840;11250;0;18180;17040;35670;8610;19200;19470;22920;13200;18390;19320;19110;17970;7800;14640;13530;10950;14190;17070;21540;24000;26610;19680;20850;15810;24510;17220;9480;21780;24270;4200;13680;8250;6260;10230;13980;27180;19350;23220;20040;15900;7230;9060;21690;17190;22260;7040;9000;13680;7130;11390;
      Cahors;27450;31380;21720;31920;35760;33090;26130;35910;10020;32160;9000;13950;22770;32970;11310;11340;24120;16440;7140;30150;27840;12690;10470;34470;26790;29160;23730;34110;17670;4200;13290;11070;15570;24600;12180;20760;24900;30270;18120;18900;29130;35010;26580;18180;0;4740;32610;24000;38160;34230;35370;25980;34050;36510;28890;32010;19530;29490;25110;28650;25710;25350;14940;15570;14490;36570;33600;27210;36270;30630;24000;27930;31350;18390;30060;25560;20210;21900;25530;8700;2400;26730;23700;28140;16980;8040;38250;35430;32130;22140;22765;27390;22400;25670;
      Agen;23340;24480;27180;31530;29970;27960;22920;24630;8790;27240;6570;14010;18000;23160;18240;6300;14580;20340;15660;23100;20460;18870;8580;26820;20490;21450;16350;25140;13620;3990;12150;3780;11940;17220;16710;12840;21690;27060;10260;14790;25620;31800;20160;17040;4740;0;28410;18720;26340;23700;30480;18090;23130;23460;21000;24840;22920;20160;20520;21180;19710;32340;14280;15120;11730;24840;27780;20790;31380;24150;16080;24720;28140;11580;20820;18030;12890;14580;19500;10200;2190;22050;16590;17610;9300;13830;25980;27960;27780;16530;15445;24840;16110;16860;
      Mende;22950;31830;20970;27990;28830;27390;21660;36600;29850;34770;21240;36420;17220;33630;24510;35850;42180;27330;44070;26940;39030;42420;40890;31140;16890;28950;35490;44250;11550;23880;33270;31980;14880;33990;31770;33480;19890;26940;38430;34350;23760;15990;36240;35670;32610;28410;0;33810;37770;34650;40260;32280;38940;37470;39780;36840;22680;29280;30090;34230;31830;16290;35310;32760;22110;37050;39780;17940;37140;22500;30270;23340;26700;26160;30390;29680;26520;43050;29010;30360;25710;21030;14070;40560;38520;37410;45810;34230;35940;29180;27540;41490;27000;27330;
      Angers;17040;16890;12870;30720;28980;29340;24420;16740;28200;19800;24360;28860;20040;8760;29910;8820;13320;8280;24900;14850;9180;20490;19680;18570;19980;14790;6540;12210;20580;22080;31470;11880;20880;5640;14760;3180;20910;22110;20640;5580;17370;26400;2220;8610;24000;18720;33810;0;18600;15510;22080;3060;16560;17790;7950;16080;10560;12090;13080;4560;13350;18750;21780;25050;29400;16080;18660;14940;23430;16740;2580;17430;23190;5130;15600;10860;7530;9720;14010;28860;20340;22980;20160;5340;6240;14700;21840;21660;21600;9390;9180;16680;9540;11660;
      Saint-Lô;22140;19890;29940;33600;34470;36120;27540;23790;39510;21990;34560;47280;25620;2580;39720;23100;27210;24330;38550;19440;12780;37290;31740;24420;23760;8820;16710;20280;24240;30360;43230;22080;25320;8730;25260;18930;25380;29340;28920;21060;23640;29520;17460;19200;38160;26340;37770;18600;0;23130;25200;12570;23460;22560;16140;21840;26550;16920;19410;9480;17490;32040;34170;37380;32400;22980;25560;19440;30300;19500;12540;25560;27450;10500;10080;14940;13650;23610;17280;39570;28620;29520;23340;21840;20460;30060;28080;22860;25560;14820;11985;19200;12630;13980;
      Châlons-en-Champagne;18840;5250;25980;30900;26520;28980;22260;5700;36150;4620;27540;43740;19200;18180;37980;16080;19380;21660;35520;10950;23130;33630;25080;18540;17340;15480;15960;27540;19740;27720;39570;18420;21480;15840;21060;12480;18360;25800;26280;17190;17100;26760;17940;19470;34230;23700;34650;15510;23130;0;4980;18360;6120;2460;23400;10140;24750;7290;11520;17400;9930;25500;26970;30240;29010;9720;12900;12900;10680;15900;12870;15060;22800;5700;12840;10020;9680;16860;10920;38940;25980;22620;17820;21030;13590;22920;10860;17700;16050;9980;7440;20040;7800;9620;
      Chaumont;19020;11640;21990;32580;29610;30180;23640;11490;39450;2970;26790;44820;20220;22020;36420;23880;26850;23190;37320;4710;26460;37230;28500;10950;19860;19590;22110;32520;19560;29520;42930;26280;21450;23700;24390;20100;20340;17400;33660;24780;16710;22710;24600;22920;35370;30480;40260;22080;25200;4980;0;22890;9480;6300;27750;14910;19320;18450;18810;27600;17220;27150;30630;33840;28140;12780;10500;13230;4050;10290;20100;18930;25200;8310;18180;16620;14820;24210;17340;39600;32820;23580;18060;31260;21480;28950;8880;16200;6180;15560;14220;19620;13880;16100;
      Laval;15180;18630;18480;28890;27150;28980;24630;19290;27090;19050;26340;33540;19500;9300;34620;12030;16860;13680;25800;14910;4530;28470;19290;18840;19500;13710;6690;9390;20040;22110;31050;14220;20370;1530;20040;8730;20490;20550;21810;10860;16890;22800;5640;13200;25980;18090;32280;3060;12570;18360;22890;0;18960;20640;5460;18480;16260;12030;12390;5040;13320;23820;21420;24630;29310;18480;21060;12690;23790;16200;1800;18900;22320;4380;14310;10050;6480;12840;12270;28740;20430;22620;17370;8970;9690;21000;24240;23100;19650;8340;7855;18390;8210;9860;
      Nancy;18120;11280;24900;29040;32340;31320;26400;8730;38370;12960;32850;44100;22560;19260;39330;15930;18810;22110;36000;9360;23940;32190;26100;13200;21000;15480;16080;30360;22440;27150;41520;18390;24240;16620;22050;16560;22890;22290;25710;16890;20760;26310;18960;18390;34050;23130;38940;16560;23460;6120;9480;18960;0;3480;24990;2190;22560;11280;16140;17520;13260;28830;29670;32880;32280;3780;5670;17010;9120;14340;13710;22980;25650;5430;16320;13120;12900;16290;13980;37860;25410;24930;20340;22860;13290;22350;2460;17910;13380;12620;9210;19920;10440;11370;
      Bar-le-Duc;19380;9600;28260;28560;28800;31260;24540;9450;38430;9180;29820;47340;21480;20460;40260;16260;19140;22440;37800;11160;25020;35910;27030;16740;19620;19020;16260;29820;22020;27480;41850;18720;22440;16140;22380;12240;20640;21900;26040;17220;19380;26640;20220;19320;36510;23460;37470;17790;22560;2460;6300;20640;3480;0;25680;3300;25020;9570;13800;20280;12210;27780;29190;32400;31290;8430;10620;15180;17490;16080;13230;17340;25080;6660;15120;12300;10260;16620;11760;41220;25740;24900;20100;23310;13620;22680;8190;23220;18960;12260;9540;21420;10080;11700;
      Vannes;20730;23790;22830;32790;35790;34260;30540;25320;30990;24390;31920;36450;24720;18840;39870;18240;13830;18210;31020;20010;7320;30450;26370;24630;24750;18630;12870;3780;25770;25020;34260;16740;27570;3360;22380;13830;24570;27780;23580;16830;22590;28650;4320;19110;28890;21000;39780;7950;16140;23400;27750;5460;24990;25680;0;24510;20520;18210;17280;10980;19020;27390;28710;31800;33480;24510;26430;17880;29100;20730;7110;24660;27810;9870;20160;15510;12030;18480;18810;31200;23280;27600;22380;9720;15330;26040;30270;28470;24960;14040;13530;23820;13790;15110;
      Metz;18720;11520;24900;30000;29940;32430;25920;7740;36030;11700;32430;42240;22080;18720;39330;17640;20520;22560;33960;10680;23460;33870;25620;10500;20520;14820;15600;29160;22320;28860;39960;19620;23880;17580;21030;16140;23130;21150;27420;18600;21120;28020;18480;17970;32010;24840;36840;16080;21840;10140;14910;18480;2190;3300;24510;0;22560;10980;16140;17040;14490;30060;30630;33840;31140;2880;5460;16920;15960;14760;13380;23280;26400;4980;15720;13590;12420;18000;13380;37440;27120;26070;19860;22380;15000;24060;6210;19980;11940;12620;10680;15390;10940;12560;
      Nevers;14970;21060;1590;25080;24150;27480;19350;24780;30540;22440;22230;25680;19050;18840;14340;13590;18780;2190;18960;8220;24660;14040;20580;12300;15810;18720;17910;24180;17610;23760;30900;17580;18240;21120;7260;8700;18270;19680;24720;8760;12540;13860;13140;7800;19530;22920;22680;10560;26550;24750;19320;16260;22560;25020;20520;22560;0;18300;17700;14970;18570;5400;26130;29400;26490;19830;15480;11730;20460;12090;12840;16950;19320;7020;19710;10260;13920;14490;18240;29640;22050;20880;16680;19530;11010;11880;26580;15480;16170;14020;13200;22830;13280;14760;
      Lille;12900;10800;20400;24210;23940;26760;19620;8400;28770;14220;24120;35070;16530;13560;33360;14640;18060;17040;28800;11880;17160;26700;20580;14880;14220;10020;11580;24000;16020;26400;34950;14580;17880;12420;16440;10860;16980;17160;24960;13230;14820;23340;14520;14640;29490;20160;29280;12090;16920;7290;18450;12030;11280;9570;18210;10980;18300;0;10500;13980;2100;21360;25950;29220;24120;10530;14070;10620;22140;11130;9420;15690;21780;3720;9960;7200;6560;15540;4680;31440;24660;20400;14310;17610;12060;20460;15360;14940;18000;7160;4920;16230;4980;7190;
      Beauvais;12360;13560;20010;26400;25620;26520;20880;16980;29550;16200;27900;36000;18840;14400;33510;17220;19860;15420;29460;11580;17100;27630;22380;15300;14760;10500;12540;21600;17880;24660;33180;16380;19560;14040;16980;11040;16320;15930;26760;15390;18180;23760;15480;13530;25110;20520;30090;13080;19410;11520;18810;12390;16140;13800;17280;16140;17700;10500;0;13800;9300;26280;24330;27540;24660;14760;19140;14580;20340;12360;10140;19110;20640;4500;6300;7380;7760;18150;6360;31440;22860;20100;16620;19140;14730;22140;17700;16740;16200;8060;5760;16680;5880;7620;
      Alençon;18900;16740;17370;31800;30900;30600;27300;17850;30570;20580;29880;35160;23280;4140;31800;12210;15960;12630;32880;15840;10380;25050;21240;19560;22140;11280;8520;15300;27420;23700;33990;14520;23460;6780;16590;6360;24240;23400;25590;8490;20640;26550;6900;10950;28650;21180;34230;4560;9480;17400;27600;5040;17520;20280;10980;17040;14970;13980;13800;0;15540;22530;24480;27660;30240;17040;19620;16200;28860;21120;2880;22380;27540;7440;11490;11640;10830;13470;15720;33120;23160;24210;19980;11400;9660;17340;22800;25020;20640;10170;9960;22380;10330;12440;
      Arras;12120;8520;21240;25230;24540;27660;20190;10980;27300;13920;25650;33660;18900;13290;36630;15690;18570;17070;27210;13860;17970;25290;20130;16860;16290;11730;11130;25770;16170;22500;36930;14130;17850;14940;16110;11670;16530;16710;25470;16650;16200;26070;15870;14190;25710;19710;31830;13350;17490;9930;17220;13320;13260;12210;19020;14490;18570;2100;9300;15540;0;25200;25740;28470;23760;13170;13380;10590;21270;13110;11790;14760;18660;2910;7650;6900;6930;16050;2400;34620;20640;21180;14340;20730;13050;20310;16110;13620;18510;6800;4110;14640;4620;7170;
      Clermont-Ferrand;11820;28200;3690;22800;23340;24990;17760;30330;35040;27780;23460;30990;15240;26400;8160;21510;27570;8970;23730;16020;26340;14490;21900;19200;16140;27150;23100;31290;17790;26100;31920;25740;19200;23340;12990;15180;16710;15000;31740;16320;6300;7590;22110;17070;25350;32340;16290;18750;32040;25500;27150;23820;28830;27780;27390;30060;5400;21360;26280;22530;25200;0;36180;38910;24720;25980;24240;8640;27630;14580;20040;14850;18720;12540;25020;20700;18900;22410;23700;35250;29010;18600;13020;26640;18930;18480;31680;21000;22320;21260;19320;30120;19080;20940;
      Pau;27750;25230;29700;38520;39000;35130;32940;31770;15510;27510;13560;20940;24960;27630;26400;11490;17040;23550;21900;26310;27690;23070;15240;30030;27420;25170;19950;33330;20490;9900;17400;7470;18810;23130;25800;16560;30540;37080;7080;19320;32520;34710;23370;21540;14940;14280;35310;21780;34170;26970;30630;21420;29670;29190;28710;30630;26130;25950;24330;24480;25740;36180;0;2820;18840;30210;37500;27720;34770;30450;22230;34140;35700;15330;25650;20730;16650;18120;27690;15960;12420;28770;23520;20880;13200;18420;34950;30930;34710;18920;20250;28440;18120;21800;
      Tarbes;30480;28440;32940;36360;38790;36810;29160;35010;14820;30720;12720;20040;24300;30840;24360;13980;19770;26820;22980;29580;30420;26190;18420;33300;26520;28410;23220;36420;19740;7770;13800;10380;18030;26340;27930;19500;27930;33300;15990;21600;32160;38040;26340;24000;15570;15120;32760;25050;37380;30240;33840;24630;32880;32400;31800;33840;29400;29220;27540;27660;28470;38910;2820;0;17940;33480;36750;26820;37980;27660;22620;30960;34380;18390;28920;23940;19920;22860;30960;13140;12360;30450;22620;23790;16470;24540;38160;34140;35880;22130;22320;31560;21330;24480;
      Perpignan;18750;26880;24030;22560;23190;23040;15900;32700;13650;30660;4800;18900;12540;28200;23220;19500;26430;29760;19860;20160;32760;29130;23040;25290;12660;23520;25800;37800;7860;7410;17160;15660;5940;27840;28230;24720;15690;21300;22020;27180;19080;25080;31800;26610;14490;11730;22110;29400;32400;29010;28140;29310;32280;31290;33480;31140;26490;24120;24660;30240;23760;24720;18840;17940;0;29490;26790;13320;29160;16500;24930;18660;22020;18120;24960;22080;21090;27180;23580;13500;9480;16620;11640;29520;19710;24690;36420;29160;25830;21240;19440;26280;19050;21900;
      Strasbourg;16800;10560;21060;29640;29040;31980;23040;10890;36630;12900;27750;42660;19920;18780;36210;17640;20520;22440;36000;8160;23460;31470;25620;7980;17640;17040;15600;30480;19440;28860;40050;19620;20640;17220;21600;15720;21210;18030;27420;18540;18240;25260;18480;19680;36570;24840;37050;16080;22980;9720;12780;18480;3780;8430;24510;2880;19830;10530;14760;17040;13170;25980;30210;33480;29490;0;1950;13800;8220;11640;13380;18300;21600;6360;16080;13260;12420;18000;13320;37980;27120;24300;17700;22380;15000;24060;8160;15300;5580;13220;10680;16860;11040;12860;
      Colmar;14700;13740;18990;27870;25650;30270;20940;13560;34890;13560;25800;44490;18780;21360;31500;20790;23670;20700;35550;6060;26040;36000;28200;5880;15540;18540;18180;30750;17340;28530;38310;22200;19200;20490;22620;19020;18990;12930;30570;21720;16140;23850;21060;20850;33600;27780;39780;18660;25560;12900;10500;21060;5670;10620;26430;5460;15480;14070;19140;19620;13380;24240;37500;36750;26790;1950;0;11700;6360;10470;15960;18300;20820;8550;18150;16440;14300;21150;15750;37680;30270;23520;16410;24960;18150;27180;10650;13530;3810;16040;13860;19290;14220;15440;
      Lyon;2820;15780;7590;13560;13680;15480;7860;16050;24150;16320;12060;24960;5940;17640;21600;17400;21120;12270;29880;7260;17100;20400;24660;9540;3960;14340;13860;22200;4860;14700;20520;18660;6720;13860;18720;11880;4920;5340;27990;18000;2340;8640;17340;15810;27210;20790;17940;14940;19440;12900;13230;12690;17010;15180;17880;16920;11730;10620;14580;16200;10590;8640;27720;26820;13320;13800;11700;0;14160;2280;10800;5130;7140;7110;13920;9480;8700;18300;12630;20160;18540;9360;3720;21900;14820;21540;18630;14670;11280;10340;8400;15540;8010;10280;
